0 -3
-0.866025 -2.5
0.866025 -2.5
-1.73205 -2
0 -2
1.73205 -2
-2.59808 -1.5
-0.866025 -1.5
0.866025 -1.5
2.59808 -1.5
-1.73205 -1
0 -1
1.73205 -1
-2.59808 -0.5
-0.866025 -0.5
0.866025 -0.5
2.59808 -0.5
-1.73205 0
0 0
1.73205 0
-2.59808 0.5
-0.866025 0.5
0.866025 0.5
2.59808 0.5
-1.73205 1
0 1
1.73205 1
-2.59808 1.5
-0.866025 1.5
0.866025 1.5
2.59808 1.5
-1.73205 2
0 2
1.73205 2
-0.866025 2.5
0.866025 2.5
0 3




Configuratia nr: 1



2.27809e-29 -3
-0.866026 -2.5
0.866026 -2.5
-1.73205 -2
4.92009e-25 -2.00006
1.73205 -2
-2.59808 -1.5
-0.86605 -1.50004
0.86605 -1.50004
2.59808 -1.5
-1.7321 -1.00003
-4.54772e-18 -1.00159
1.7321 -1.00003
-2.59808 -0.5
-0.8674 -0.500793
0.8674 -0.500793
2.59808 -0.5
-1.7321 3.79619e-22
-1.26872e-18 7.42824e-19
1.7321 -1.72181e-18
-2.59808 0.5
-0.8674 0.500793
0.8674 0.500793
2.59808 0.5
-1.7321 1.00003
-1.20353e-21 1.00159
1.7321 1.00003
-2.59808 1.5
-0.86605 1.50004
0.86605 1.50004
2.59808 1.5
-1.73205 2
0 2.00006
1.73205 2
-0.866026 2.5
0.866026 2.5
0 3




Configuratia stabila:



2.27809e-29 -3
-0.866026 -2.5
0.866026 -2.5
-1.73205 -2
4.92009e-25 -2.00006
1.73205 -2
-2.59808 -1.5
-0.86605 -1.50004
0.86605 -1.50004
2.59808 -1.5
-1.7321 -1.00003
-4.54772e-18 -1.00159
1.7321 -1.00003
-2.59808 -0.5
-0.8674 -0.500793
0.8674 -0.500793
2.59808 -0.5
-1.7321 3.79619e-22
-1.26872e-18 7.42824e-19
1.7321 -1.72181e-18
-2.59808 0.5
-0.8674 0.500793
0.8674 0.500793
2.59808 0.5
-1.7321 1.00003
-1.20353e-21 1.00159
1.7321 1.00003
-2.59808 1.5
-0.86605 1.50004
0.86605 1.50004
2.59808 1.5
-1.73205 2
0 2.00006
1.73205 2
-0.866026 2.5
0.866026 2.5
0 3
